97 1 0
97 2 1
97 3 25
97 4 195
97 5 659
97 6 1832
97 7 3916
97 8 6791
97 9 10140
97 10 13827
97 11 17098
97 12 19813
97 13 21792
97 14 23130
97 15 24116
97 16 24679
97 17 25007
97 18 25194
97 19 25301
97 20 25354
97 21 25394
98 1 25410
98 2 25411
98 3 25432
98 4 25533
98 5 25989
98 6 27130
98 7 29303
98 8 32256
98 9 35564
98 10 38485
98 11 40564
98 12 41938
98 13 42728
98 14 43208
98 15 43463
98 16 43631
98 17 43718
98 18 43766
98 19 43792
99 1 43809
99 2 43810
99 3 43829
99 4 43943
99 5 44370
99 6 45566
99 7 48099
99 8 51830
99 9 56587
99 10 61395
99 11 65512
99 12 69034
99 13 71541
99 14 73342
99 15 74406
99 16 75064
99 17 75456
99 18 75687
99 19 75799
100 1 75859
100 2 75860
100 3 75881
100 4 75982
100 5 76372
100 6 77173
100 7 78680
100 8 80810
100 9 83442
100 10 86263
100 11 88694
100 12 90626
100 13 92164
100 14 93165
100 15 93819
100 16 94196
100 17 94376
100 18 94490
100 19 94531
101 1 94557
101 2 94558
101 3 94578
101 4 94663
101 5 94897
101 6 95318
101 7 96305
101 8 97862
101 9 99898
101 10 102154
101 11 104088
101 12 105568
101 13 106771
101 14 107564
101 15 108049
101 16 108346
101 17 108516
101 18 108617
101 19 108671
101 20 108717
101 21 108738
102 1 108745
102 2 108746
102 3 108766
102 4 108847
102 5 109143
102 6 109827
102 7 111040
102 8 112782
102 9 115009
102 10 116943
102 11 118386
102 12 119340
102 13 119950
102 14 120298
102 15 120481
102 16 120577
102 17 120617
102 18 120630
102 19 120634
103 1 120636
103 2 120637
103 3 120651
103 4 120747
103 5 121105
103 6 121842
103 7 123108
103 8 124762
103 9 126564
103 10 128184
103 11 129355
103 12 130222
103 13 130808
103 14 131180
103 15 131383
103 16 131483
103 17 131532
103 18 131554
103 19 131569
103 20 131580
103 21 131585
104 1 131588
104 2 131589
104 3 131608
104 4 131696
104 5 132016
104 6 132587
104 7 133604
104 8 135039
104 9 136810
104 10 138766
104 11 140441
104 12 141920
104 13 143091
104 14 143878
104 15 144426
104 16 144791
104 17 145006
104 18 145154
104 19 145236
104 20 145285
104 21 145307
105 1 145321
105 2 145322
105 3 145341
105 4 145413
105 5 145563
105 6 145864
105 7 146489
105 8 147406
105 9 148658
105 10 150304
105 11 152059
105 12 153780
105 13 155352
105 14 156549
105 15 157324
105 16 157870
105 17 158203
105 18 158372
105 19 158457
105 20 158495
105 21 158511
106 1 158518
106 2 158519
106 3 158527
106 4 158574
106 5 158742
106 6 159002
106 7 159456
106 8 160006
106 9 160432
106 10 160829
106 11 161079
106 12 161207
106 13 161275
106 14 161324
106 15 161340
106 16 161348
106 17 161354
106 18 161357
107 1 161358
107 2 161359
107 3 161373
107 4 161433
107 5 161681
107 6 162154
107 7 162857
107 8 163533
107 9 164179
107 10 164614
107 11 164908
107 12 165086
107 13 165190
107 14 165254
107 15 165280
107 16 165296
107 17 165302
107 19 165308
107 20 165309
108 1 165310
108 2 165311
108 3 165332
108 4 165434
108 5 165765
108 6 166444
108 7 167578
108 8 169051
108 9 170694
108 10 172155
108 11 173224
108 12 174039
108 13 174563
108 14 174904
108 15 175093
108 16 175189
108 17 175240
108 18 175285
108 19 175297
108 20 175304
108 21 175309
109 1 175310
109 2 175311
109 3 175333
109 4 175438
109 5 175825
109 6 176674
109 7 178241
109 8 180481
109 9 183229
109 10 186253
109 11 188836
109 12 190902
109 13 192480
109 14 193554
109 15 194223
109 16 194627
109 17 194864
109 18 194992
109 19 195047
109 20 195076
109 21 195093
110 1 195104
110 2 195105
110 3 195122
110 4 195185
110 5 195395
110 6 195800
110 7 196422
110 8 197219
110 9 198217
110 10 199464
110 11 200744
110 12 202142
110 13 203647
110 14 205136
110 15 206391
110 16 207300
110 17 207884
110 18 208250
110 19 208430
110 20 208513
110 21 208550
111 1 208557
111 2 208558
111 3 208577
111 4 208668
111 5 208869
111 6 209203
111 7 209908
111 8 211104
111 9 212848
111 10 214740
111 11 216466
111 12 217839
111 13 218860
111 14 219657
111 15 220255
111 16 220658
111 17 220908
111 18 221064
111 19 221155
111 20 221203
111 21 221223
112 1 221233
112 2 221234
112 3 221252
112 4 221381
112 5 221812
112 6 222756
112 7 224678
112 8 227776
112 9 231761
112 10 236497
112 11 241165
112 12 245434
112 13 248837
112 14 251542
112 15 253365
112 16 254538
112 17 255234
112 18 255638
112 19 255853
112 20 255967
112 21 256037
113 1 256066
113 2 256067
113 3 256079
113 4 256094
113 5 256133
113 6 256218
113 7 256364
113 8 256583
113 9 256871
113 10 257126
113 11 257302
113 12 257445
113 13 257571
113 14 257684
113 15 257769
113 16 257819
113 17 257840
113 18 257854
113 19 257858
114 1 257859
114 2 257860
114 3 257872
114 4 257968
114 5 258273
114 6 258954
114 7 260520
114 8 262650
114 9 265209
114 10 267792
114 11 269885
114 12 271554
114 13 272762
114 14 273610
114 15 274172
114 16 274439
114 17 274554
114 18 274614
114 19 274628
114 20 274637
114 21 274640
115 1 274641
115 2 274642
115 3 274664
115 4 274804
115 5 275433
115 6 277246
115 7 280438
115 8 284974
115 9 290889
115 10 296760
115 11 301495
115 12 305023
115 13 307853
115 14 309810
115 15 311248
115 16 312197
115 17 312788
115 18 313105
115 19 313274
115 20 313350
115 21 313379
116 1 313393
116 2 313394
116 3 313412
116 4 313536
116 5 313967
116 6 314948
116 7 316793
116 8 319238
116 9 322015
116 10 324751
116 11 326974
116 12 328702
116 13 330006
116 14 330855
116 15 331423
116 16 331777
116 17 331979
116 18 332095
116 19 332160
116 20 332180
116 21 332193
117 1 332202
117 2 332203
117 3 332215
117 4 332271
117 5 332368
117 6 332696
117 7 333596
117 8 334958
117 9 337186
117 10 340048
117 11 343316
117 12 346407
117 13 349229
117 14 351363
117 15 352915
117 16 353869
117 17 354454
117 18 354754
117 19 354879
117 20 354944
117 21 354963
118 1 354967
118 2 354968
118 3 354982
118 4 355022
118 5 355145
118 6 355432
118 7 355945
118 8 356613
118 9 357483
118 10 358325
118 11 358991
118 12 359496
118 13 359841
118 14 360063
118 15 360187
118 16 360243
118 17 360269
118 18 360283
118 19 360293
118 20 360295
119 1 360296
119 2 360297
119 3 360315
119 4 360382
119 5 360650
119 6 361118
119 7 361910
119 8 363054
119 9 364305
119 10 365339
119 11 366048
119 12 366480
119 13 366692
119 14 366784
119 15 366829
119 16 366843
119 19 366854
120 1 366855
120 2 366856
120 3 366864
120 4 366876
120 5 366894
120 6 366921
120 7 366950
120 8 366997
120 9 367056
120 10 367128
120 11 367199
120 12 367261
120 13 367300
120 14 367332
120 15 367350
120 16 367360
121 1 367362
121 2 367363
121 3 367373
121 4 367424
121 5 367567
121 6 367734
121 7 367946
121 8 368119
121 9 368285
121 10 368382
121 11 368445
121 12 368470
121 13 368488
121 14 368502
121 15 368504
122 1 368505
122 2 368506
122 3 368510
122 4 368534
122 5 368594
122 6 368706
122 7 368873
122 8 369122
122 9 369311
122 10 369521
122 11 369644
122 12 369728
122 13 369791
122 14 369838
122 15 369863
122 16 369875
122 17 369880
122 18 369885
122 19 369889
122 21 369891
